EXP010-C / FROZEN-POLICY ADDITIVE-NOISE ROBUSTNESS
==================================================
Run mode: dense_formal
Protocol: EXP010C_NOISE_PROTOCOL_FREEZE_v1.0
Noise model: circular complex AWGN
Sea clutter: NOT MODELED in EXP010-C
SNR reference: strong-component per-sample input power
DenseRisk SNR grid: [-10 -5 0 5 10 15 20] dB
OriginalGrid anchor SNR: [-10 0 10 20] dB
DenseRisk MC/state/SNR: 10
OriginalGrid MC/state/SNR: 5
Policy: Refined-LR 0.20 -> FiveBin 0.10 conditional -> Neighbor-3
Scheduler: heterogeneous-SNR rank pool; NO per-SNR reranking
Removal width: 3 bins
OVERALL STATUS = PASS_DENSERISK_WITH_IDENTIFIED_NOISE_VALIDITY_BOUNDARY


[RUN INVENTORY]
validation_set	aperture_mode	n_physical_states	n_noise_cases	n_snr_levels	mc_count	stage0_seconds	downstream_seconds	job_seconds	seconds_per_noise_case
DenseRisk	Paper1s	1122	78540	7	10	1230.2285406	5234.1966568	6466.408589	0.0823326787497
DenseRisk	BeamDerived	408	28560	7	10	943.4612341	3117.271204	4061.0511723	0.142193668498

[OVERALL STATUS]
overall_status	oracle_firewall_pass	run_mode	protocol_version
PASS_DENSERISK_WITH_IDENTIFIED_NOISE_VALIDITY_BOUNDARY	1	dense_formal	EXP010C_NOISE_PROTOCOL_FREEZE_v1.0

[NOISE VALIDITY SUMMARY]
validation_set	aperture_mode	snr_strong_db	G0_branch_fail_rate	Proposed_branch_fail_rate	N3_branch_fail_rate	Proposed_net_branch_gain	Proposed_net_weak_feasible_gain	paired_branch_rescue	paired_branch_harm	persistent_N3_branch_failures	stage1_AUC	stage2_AUC	stage1_direction_reversal	stage2_direction_reversal	validity_criterion_pass	contiguous_validity_floor_db	oracle_firewall_pass	frozen_b1	frozen_b2
DenseRisk	Paper1s	-10	0.355258467023	0.281729055258	0.270320855615	0.0735294117647	0	838	13	3031	0.585570924834	0.4959778569	0	1	0	-5	1	0.2	0.1
DenseRisk	Paper1s	-5	0.221122994652	0.0944741532977	0.0761140819964	0.126648841355	0	1422	1	852	0.758079795276	0.639931168729	0	0	1	-5	1	0.2	0.1
DenseRisk	Paper1s	0	0.170499108734	0.043137254902	0.0336007130125	0.127361853832	0	1429	0	377	0.833466606449	0.696058562349	0	0	1	-5	1	0.2	0.1
DenseRisk	Paper1s	5	0.147058823529	0.0297682709447	0.0245098039216	0.117290552585	0.0482174688057	1316	0	275	0.838364079668	0.7140701644	0	0	1	-5	1	0.2	0.1
DenseRisk	Paper1s	10	0.145008912656	0.028431372549	0.0232620320856	0.116577540107	0.0721033868093	1308	0	261	0.844904900501	0.734429221188	0	0	1	-5	1	0.2	0.1
DenseRisk	Paper1s	15	0.140463458111	0.0304812834225	0.023440285205	0.109982174688	0.0714795008913	1234	0	263	0.834733452535	0.741097672142	0	0	1	-5	1	0.2	0.1
DenseRisk	Paper1s	20	0.138057040998	0.0307486631016	0.0231729055258	0.107308377897	0.0899286987522	1204	0	260	0.836835036016	0.738857579343	0	0	1	-5	1	0.2	0.1
DenseRisk	BeamDerived	-10	0.325	0.236764705882	0.224019607843	0.0882352941176	0	363	3	914	0.60568721651	0.55902285373	0	0	1	-10	1	0.2	0.1
DenseRisk	BeamDerived	-5	0.20931372549	0.10637254902	0.0921568627451	0.102941176471	0	420	0	376	0.693163058928	0.636591090154	0	0	1	-10	1	0.2	0.1
DenseRisk	BeamDerived	0	0.169362745098	0.0740196078431	0.0661764705882	0.0953431372549	0	389	0	270	0.675601962423	0.663656646561	0	0	1	-10	1	0.2	0.1
DenseRisk	BeamDerived	5	0.170343137255	0.0764705882353	0.065931372549	0.0938725490196	0	383	0	269	0.655234370849	0.712332817229	0	0	1	-10	1	0.2	0.1
DenseRisk	BeamDerived	10	0.170098039216	0.0830882352941	0.0651960784314	0.0870098039216	0	355	0	266	0.626824132595	0.744856770231	0	0	1	-10	1	0.2	0.1
DenseRisk	BeamDerived	15	0.167892156863	0.0860294117647	0.0649509803922	0.081862745098	0.00539215686275	334	0	265	0.628183567505	0.740143006158	0	0	1	-10	1	0.2	0.1
DenseRisk	BeamDerived	20	0.171078431373	0.0892156862745	0.0654411764706	0.081862745098	0.0588235294118	334	0	267	0.636009533024	0.741958710906	0	0	1	-10	1	0.2	0.1

[METHOD SUMMARY BY SNR]
validation_set	aperture_mode	snr_strong_db	method	n_cases	n_branch_fail	branch_fail_rate	branch_fail_wilson_lo	branch_fail_wilson_hi	n_weak_feasible	weak_feasible_rate	weak_feasible_wilson_lo	weak_feasible_wilson_hi	median_strong_beta_error_over_W	p90_strong_beta_error_over_W	p99_strong_beta_error_over_W	median_eta_error_bins	p90_eta_error_bins	median_weak_waveform_error_ratio	p90_weak_waveform_error_ratio	median_weak_beta_error_over_W	mean_branch_objective_evals	fallback_fraction	median_weak_snr_db	min_weak_snr_db	max_weak_snr_db	median_mixture_snr_expected_db	median_strong_snr_realized_db	normalized_branch_cost
DenseRisk	Paper1s	-10	G0_OriginalTop1	11220	3986	0.355258467023	0.346453809317	0.364162202864	0	0	0	0.000342258827763	0.287559629794	1.8176402894	3.7976913682	0.251721860315	0.450886363428	3.99233726254	4.23633053492	1.92396785786	42.103030303	0	-11.9382002602	-16.0205999133	-11.9382002602	-8.35294443737	-9.99619004043	0
DenseRisk	Paper1s	-10	Proposed_Frozen_Staged	11220	3161	0.281729055258	0.273481241419	0.290126279413	0	0	0	0.000342258827763	0.287559629794	1.8176402894	3.7976913682	0.253549364777	0.451787589064	3.99215892729	4.23518405828	1.91642799266	82.903030303	0.369964349376	-11.9382002602	-16.0205999133	-11.9382002602	-8.35294443737	-9.99619004043	0.367003250931
DenseRisk	Paper1s	-10	Always_Neighbor3	11220	3033	0.270320855615	0.262182660938	0.278616269721	0	0	0	0.000342258827763	0.287559629794	1.8176402894	3.7976913682	0.253123855609	0.451384641052	3.99232245695	4.23518405955	1.92396785786	153.273707665	1	-11.9382002602	-16.0205999133	-11.9382002602	-8.35294443737	-9.99619004043	1
DenseRisk	Paper1s	-5	G0_OriginalTop1	11220	2481	0.221122994652	0.21354019217	0.228896693369	0	0	0	0.000342258827763	0.151524952948	0.443095136826	1.26519605679	0.265523692146	0.454800177123	2.387739154	2.54866217755	0.650180336953	42.402228164	0	-6.93820026016	-11.0205999133	-6.93820026016	-3.35294443737	-4.99306906306	0
DenseRisk	Paper1s	-5	Proposed_Frozen_Staged	11220	1060	0.0944741532977	0.0892000845518	0.100025811645	0	0	0	0.000342258827763	0.151524952948	0.443095136826	1.26519605679	0.277483618256	0.457930415694	2.37702324751	2.52941399847	0.591866300177	80.9139037433	0.351871657754	-6.93820026016	-11.0205999133	-6.93820026016	-3.35294443737	-4.99306906306	0.345264824939
DenseRisk	Paper1s	-5	Always_Neighbor3	11220	854	0.0761140819964	0.0713511124118	0.0811672089758	0	0	0	0.000342258827763	0.151524952948	0.443095136826	1.26519605679	0.278643198275	0.458090057318	2.37642820028	2.5295659261	0.582745012021	153.944652406	1	-6.93820026016	-11.0205999133	-6.93820026016	-3.35294443737	-4.99306906306	1
DenseRisk	Paper1s	0	G0_OriginalTop1	11220	1913	0.170499108734	0.163653571924	0.177570194723	0	0	0	0.000342258827763	0.131503287806	0.32837883735	0.526400903649	0.276352825502	0.457053375868	1.54103679457	1.67537812159	0.241191368048	42.5073083779	0	-1.93820026016	-6.02059991328	-1.93820026016	1.64705556263	0.00554564516177	0
DenseRisk	Paper1s	0	Proposed_Frozen_Staged	11220	484	0.043137254902	0.0395317492138	0.0470554912053	0	0	0	0.000342258827763	0.131503287806	0.32837883735	0.526400903649	0.299885628512	0.463079100508	1.49829094715	1.64749162334	0.207869061319	74.4515151515	0.288146167558	-1.93820026016	-6.02059991328	-1.93820026016	1.64705556263	0.00554564516177	0.28296549519
DenseRisk	Paper1s	0	Always_Neighbor3	11220	377	0.0336007130125	0.0304227968962	0.0370978876752	0	0	0	0.000342258827763	0.131503287806	0.32837883735	0.526400903649	0.300497146601	0.463374988378	1.49626823076	1.64588683198	0.207869061319	155.398128342	1	-1.93820026016	-6.02059991328	-1.93820026016	1.64705556263	0.00554564516177	1
DenseRisk	Paper1s	5	G0_OriginalTop1	11220	1650	0.147058823529	0.14062637872	0.153732862805	3500	0.311942959002	0.30343616737	0.320578478999	0.120948096149	0.318136486593	0.453337487584	0.292915355912	0.45684553555	1.15243849226	1.28125450431	0.17454675459	42.5603386809	0	3.06179973984	-1.02059991328	3.06179973984	6.64705556263	5.00494844244	0
DenseRisk	Paper1s	5	Proposed_Frozen_Staged	11220	334	0.0297682709447	0.0267810278466	0.0330773959636	4041	0.360160427807	0.351327180533	0.369089397738	0.120948096149	0.318136486593	0.453337487584	0.313579007587	0.462616043485	1.03016685707	1.26055390037	0.1586763127	70.2046345811	0.247326203209	3.06179973984	-1.02059991328	3.06179973984	6.64705556263	5.00494844244	0.244233136032
DenseRisk	Paper1s	5	Always_Neighbor3	11220	275	0.0245098039216	0.021807308874	0.0275377804034	4058	0.361675579323	0.352833698868	0.370612145285	0.120948096149	0.318136486593	0.453337487584	0.313284847301	0.462475565719	1.02941908113	1.25996697973	0.158280956963	155.748484848	1	3.06179973984	-1.02059991328	3.06179973984	6.64705556263	5.00494844244	1
DenseRisk	Paper1s	10	G0_OriginalTop1	11220	1627	0.145008912656	0.138615162767	0.151645660212	5773	0.514527629234	0.505276441731	0.523768872317	0.117679672463	0.284814179864	0.443095136826	0.310912826245	0.443267559131	0.991682041272	1.13505558398	0.150345736018	42.6525846702	0	8.06179973984	3.97940008672	8.06179973984	11.6470555626	10.01064596	0
DenseRisk	Paper1s	10	Proposed_Frozen_Staged	11220	319	0.028431372549	0.0255137655184	0.0316717766309	6582	0.586631016043	0.577491099267	0.595711632358	0.117679672463	0.284814179864	0.443095136826	0.331394760305	0.44846542778	0.837257113827	1.11443130947	0.142015159335	69.3520499109	0.237967914439	8.06179973984	3.97940008672	8.06179973984	11.6470555626	10.01064596	0.235312415313
DenseRisk	Paper1s	10	Always_Neighbor3	11220	261	0.0232620320856	0.0206318048453	0.026218594882	6584	0.586809269162	0.577669871937	0.59588924391	0.117679672463	0.284814179864	0.443095136826	0.329925654987	0.447960622344	0.837249796845	1.11287616848	0.142015159335	156.116488414	1	8.06179973984	3.97940008672	8.06179973984	11.6470555626	10.01064596	1
DenseRisk	Paper1s	15	G0_OriginalTop1	11220	1576	0.140463458111	0.134157108334	0.147015916998	6373	0.568003565062	0.558816094811	0.577144485673	0.11557647464	0.276483603181	0.434764560144	0.332343180375	0.432747447689	0.93451573765	1.07998914277	0.150345736018	42.6319073084	0	13.0617997398	8.97940008672	13.0617997398	16.6470555626	15.0135451433	0
DenseRisk	Paper1s	15	Proposed_Frozen_Staged	11220	342	0.0304812834225	0.0274575940333	0.0338263666627	7175	0.639483065954	0.6305523001	0.648318353186	0.11557647464	0.276483603181	0.434764560144	0.343656642565	0.436353049242	0.770097328966	1.06168354808	0.142015159335	68.8135472371	0.232709447415	13.0617997398	8.97940008672	13.0617997398	16.6470555626	15.0135451433	0.230722891093
DenseRisk	Paper1s	15	Always_Neighbor3	11220	263	0.023440285205	0.0207996096577	0.0264071742909	7175	0.639483065954	0.6305523001	0.648318353186	0.11557647464	0.276483603181	0.434764560144	0.341140097995	0.435413774383	0.770097328966	1.05981297278	0.142015159335	156.108467023	1	13.0617997398	8.97940008672	13.0617997398	16.6470555626	15.0135451433	1
DenseRisk	Paper1s	20	G0_OriginalTop1	11220	1549	0.138057040998	0.131797877553	0.144563960789	6641	0.591889483066	0.582765411179	0.600950654979	0.114842134441	0.268153026499	0.428345757537	0.338593327116	0.430451813118	0.915877070285	1.06378403351	0.142015159335	42.6459001783	0	18.0617997398	13.9794000867	18.0617997398	21.6470555626	20.0023919391	0
DenseRisk	Paper1s	20	Proposed_Frozen_Staged	11220	345	0.0307486631016	0.0277114260361	0.034107110992	7650	0.681818181818	0.673138863063	0.690373042818	0.114842134441	0.268153026499	0.428345757537	0.34997042652	0.431452569964	0.748638130217	1.03865780901	0.142015159335	68.7800356506	0.232085561497	18.0617997398	13.9794000867	18.0617997398	21.6470555626	20.0023919391	0.230176267647
DenseRisk	Paper1s	20	Always_Neighbor3	11220	260	0.0231729055258	0.0205479184127	0.0261242892038	7650	0.681818181818	0.673138863063	0.690373042818	0.114842134441	0.268153026499	0.428345757537	0.34836396203	0.431051473374	0.748638130217	1.03827138836	0.142015159335	156.185561497	1	18.0617997398	13.9794000867	18.0617997398	21.6470555626	20.0023919391	1
DenseRisk	BeamDerived	-10	G0_OriginalTop1	4080	1326	0.325	0.310798617703	0.339530609228	0	0	5.42101086243e-20	0.000940648372232	0.230105442453	0.793566469847	2.9508655731	0.261199507286	0.452274842603	4.06246167953	6.15742689914	2.55494824846	42.1345588235	0	-11.9382002602	-16.0205999133	-11.9382002602	-8.87637794294	-9.99146852744	0
DenseRisk	BeamDerived	-10	Proposed_Frozen_Staged	4080	966	0.236764705882	0.223972255376	0.250052380091	0	0	5.42101086243e-20	0.000940648372232	0.230105442453	0.793566469847	2.9508655731	0.265996909756	0.452562596774	4.06208013128	6.1611045889	2.55494824846	81.7803921569	0.360539215686	-11.9382002602	-16.0205999133	-11.9382002602	-8.87637794294	-9.99146852744	0.355926348078
DenseRisk	BeamDerived	-10	Always_Neighbor3	4080	914	0.224019607843	0.211489179583	0.237069237116	0	0	5.42101086243e-20	0.000940648372232	0.230105442453	0.793566469847	2.9508655731	0.266553864185	0.452639321666	4.06211975452	6.16110458895	2.56080077665	153.522303922	1	-11.9382002602	-16.0205999133	-11.9382002602	-8.87637794294	-9.99146852744	1
DenseRisk	BeamDerived	-5	G0_OriginalTop1	4080	854	0.20931372549	0.197107035948	0.222067282174	0	0	5.42101086243e-20	0.000940648372232	0.172459188989	0.443798558889	0.6284929015	0.287591263268	0.459870411655	2.43491445416	3.5831782931	2.17524635687	42.0235294118	0	-6.93820026016	-11.0205999133	-6.93820026016	-3.87637794294	-5.00550234377	0
DenseRisk	BeamDerived	-5	Proposed_Frozen_Staged	4080	434	0.10637254902	0.097279584527	0.116206043554	0	0	5.42101086243e-20	0.000940648372232	0.172459188989	0.443798558889	0.6284929015	0.301201061363	0.463578256516	2.43247590231	3.57961617883	2.25267190271	75.4904411765	0.3	-6.93820026016	-11.0205999133	-6.93820026016	-3.87637794294	-5.00550234377	0.296214262626
DenseRisk	BeamDerived	-5	Always_Neighbor3	4080	376	0.0921568627451	0.0836609975123	0.101420001944	0	0	5.42101086243e-20	0.000940648372232	0.172459188989	0.443798558889	0.6284929015	0.299268050741	0.463481298758	2.43244990245	3.57961617827	2.27180279674	155.005637255	1	-6.93820026016	-11.0205999133	-6.93820026016	-3.87637794294	-5.00550234377	1
DenseRisk	BeamDerived	0	G0_OriginalTop1	4080	691	0.169362745098	0.158166099869	0.181181417118	0	0	5.42101086243e-20	0.000940648372232	0.160653107161	0.427142944082	0.494037730624	0.320784698609	0.463829828462	1.59833180629	2.19140693008	0.248145597625	42.0772058824	0	-1.93820026016	-6.02059991328	-1.93820026016	1.12362205706	0.0066692294137	0
DenseRisk	BeamDerived	0	Proposed_Frozen_Staged	4080	302	0.0740196078431	0.0663808241699	0.0824597870413	0	0	5.42101086243e-20	0.000940648372232	0.160653107161	0.427142944082	0.494037730624	0.336312826038	0.467339300921	1.59457974828	2.1905849813	0.206506560607	72.1960784314	0.266666666667	-1.93820026016	-6.02059991328	-1.93820026016	1.12362205706	0.0066692294137	0.265987151404
DenseRisk	BeamDerived	0	Always_Neighbor3	4080	270	0.0661764705882	0.0589493701723	0.0742197217978	0	0	5.42101086243e-20	0.000940648372232	0.160653107161	0.427142944082	0.494037730624	0.335416918177	0.467450403101	1.59444501974	2.19058498327	0.206506560607	155.311519608	1	-1.93820026016	-6.02059991328	-1.93820026016	1.12362205706	0.0066692294137	1
DenseRisk	BeamDerived	5	G0_OriginalTop1	4080	695	0.170343137255	0.15911916757	0.182187289323	0	0	5.42101086243e-20	0.000940648372232	0.164131381585	0.420111933402	0.453423163017	0.350233396378	0.461095597478	1.23037324636	1.48788370301	0.123228486569	42.181127451	0	3.06179973984	-1.02059991328	3.06179973984	6.12362205706	5.00289572989	0
DenseRisk	BeamDerived	5	Proposed_Frozen_Staged	4080	312	0.0764705882353	0.0687087125135	0.0850292484607	0	0	5.42101086243e-20	0.000940648372232	0.164131381585	0.420111933402	0.453423163017	0.357756348035	0.463428043454	1.22483983232	1.48734871014	0.114900679165	71.9933823529	0.261519607843	3.06179973984	-1.02059991328	3.06179973984	6.12362205706	5.00289572989	0.262715799796
DenseRisk	BeamDerived	5	Always_Neighbor3	4080	269	0.065931372549	0.0587176049967	0.0739617519971	0	0	5.42101086243e-20	0.000940648372232	0.164131381585	0.420111933402	0.453423163017	0.35539187355	0.463206646394	1.22462750141	1.48734871295	0.114900679165	155.658333333	1	3.06179973984	-1.02059991328	3.06179973984	6.12362205706	5.00289572989	1
DenseRisk	BeamDerived	10	G0_OriginalTop1	4080	694	0.170098039216	0.158880887629	0.181935834287	489	0.119852941176	0.110242818865	0.130178232912	0.164131381585	0.418815136678	0.436767548209	0.358710470752	0.448922800765	1.08875645777	1.18300144787	0.106572871762	42.1767156863	0	8.06179973984	3.97940008672	8.06179973984	11.1236220571	10.0083518022	0
DenseRisk	BeamDerived	10	Proposed_Frozen_Staged	4080	339	0.0830882352941	0.0750059294186	0.0919548759153	489	0.119852941176	0.110242818865	0.130178232912	0.164131381585	0.418815136678	0.436767548209	0.366542684388	0.451026123742	1.08133887654	1.18277682679	0.098245064358	71.287254902	0.253431372549	8.06179973984	3.97940008672	8.06179973984	11.1236220571	10.0083518022	0.256223236148
DenseRisk	BeamDerived	10	Always_Neighbor3	4080	266	0.0651960784314	0.0580224899801	0.0731876620848	489	0.119852941176	0.110242818865	0.130178232912	0.164131381585	0.418815136678	0.436767548209	0.362175056154	0.450136481893	1.08145236455	1.18277682689	0.098245064358	155.790686275	1	8.06179973984	3.97940008672	8.06179973984	11.1236220571	10.0083518022	1
DenseRisk	BeamDerived	15	G0_OriginalTop1	4080	685	0.167892156863	0.156736759974	0.179672347155	1043	0.255637254902	0.242486312777	0.269247915864	0.164131381585	0.418815136678	0.428439740805	0.35873161559	0.440999712101	1.0408230586	1.07088638322	0.098245064358	42.1318627451	0	13.0617997398	8.97940008672	13.0617997398	16.1236220571	15.0048749842	0
DenseRisk	BeamDerived	15	Proposed_Frozen_Staged	4080	351	0.0860294117647	0.0778099064186	0.0950277186308	1065	0.261029411765	0.247782188433	0.274726209686	0.164131381585	0.418815136678	0.428439740805	0.368681670578	0.442917450772	1.03010618223	1.07073201059	0.098245064358	71.7257352941	0.256617647059	13.0617997398	8.97940008672	13.0617997398	16.1236220571	15.0048749842	0.2600028855
DenseRisk	BeamDerived	15	Always_Neighbor3	4080	265	0.0649509803922	0.0577908456678	0.0729295714208	1065	0.261029411765	0.247782188433	0.274726209686	0.164131381585	0.418815136678	0.428439740805	0.361336463794	0.440337198357	1.03158371468	1.06804489136	0.098245064358	155.953186275	1	13.0617997398	8.97940008672	13.0617997398	16.1236220571	15.0048749842	1
DenseRisk	BeamDerived	20	G0_OriginalTop1	4080	698	0.171078431373	0.159834059244	0.182941602577	1290	0.316176470588	0.302087320286	0.330611447498	0.162392244373	0.418815136678	0.420111933402	0.357517531163	0.456783943356	1.02472738742	1.04099108255	0.098245064358	42.1504901961	0	18.0617997398	13.9794000867	18.0617997398	21.1236220571	20.0031545651	0
DenseRisk	BeamDerived	20	Proposed_Frozen_Staged	4080	364	0.0892156862745	0.0808509262465	0.0983532534946	1530	0.375	0.360269069756	0.389966092337	0.162392244373	0.418815136678	0.420111933402	0.372962024502	0.457150124132	1.01268902293	1.03908539742	0.098245064358	72.1757352941	0.261274509804	18.0617997398	13.9794000867	18.0617997398	21.1236220571	20.0031545651	0.264295900601
DenseRisk	BeamDerived	20	Always_Neighbor3	4080	267	0.0654411764706	0.0582541647444	0.0734457222968	1530	0.375	0.360269069756	0.389966092337	0.162392244373	0.418815136678	0.420111933402	0.359247785528	0.457150124132	1.01504380222	1.03872158996	0.098245064358	155.755147059	1	18.0617997398	13.9794000867	18.0617997398	21.1236220571	20.0031545651	1

[PAIRED OUTCOMES BY SNR]
validation_set	aperture_mode	snr_strong_db	n_cases	G0_fail_to_Proposed_success	G0_success_to_Proposed_fail	Proposed_fail_to_N3_success	persistent_weak_failure_after_N3	G0_branch_catastrophe_rescued_by_Proposed	Proposed_induced_branch_catastrophe	Proposed_branch_failure_rescued_by_N3	persistent_branch_failure_after_N3	weak_paired_exact_p	branch_paired_exact_p
DenseRisk	Paper1s	-10	11220	0	0	0	11220	838	13	130	3031	NaN	2.43264522734e-228
DenseRisk	Paper1s	-5	11220	0	0	0	11220	1422	1	208	852	NaN	0
DenseRisk	Paper1s	0	11220	0	0	0	11220	1429	0	107	377	NaN	0
DenseRisk	Paper1s	5	11220	541	0	17	7162	1316	0	59	275	2.77844843686e-163	0
DenseRisk	Paper1s	10	11220	867	58	2	4636	1308	0	58	261	5.63158132245e-186	0
DenseRisk	Paper1s	15	11220	863	61	0	4045	1234	0	79	263	3.1769680221e-182	0
DenseRisk	Paper1s	20	11220	1077	68	0	3570	1204	0	85	260	2.35902034794e-234	0
DenseRisk	BeamDerived	-10	4080	0	0	0	4080	363	3	52	914	NaN	1.08732619699e-103
DenseRisk	BeamDerived	-5	4080	0	0	0	4080	420	0	58	376	NaN	7.38638289423e-127
DenseRisk	BeamDerived	0	4080	0	0	0	4080	389	0	32	270	NaN	1.58621364832e-117
DenseRisk	BeamDerived	5	4080	0	0	0	4080	383	0	43	269	NaN	1.01517673493e-115
DenseRisk	BeamDerived	10	4080	0	0	0	3591	355	0	73	266	NaN	2.72509429761e-107
DenseRisk	BeamDerived	15	4080	22	0	0	3015	334	0	86	265	4.76837158203e-07	5.71493695641e-101
DenseRisk	BeamDerived	20	4080	240	0	0	2550	334	0	97	267	1.13195988485e-72	5.71493695641e-101

[STAGE ALLOCATION BY SNR]
validation_set	aperture_mode	snr_strong_db	n_cases	stage1_trigger_count	stage1_fraction_at_snr	stage2_trigger_count	stage2_fraction_at_snr	total_trigger_count	fallback_fraction_at_snr	G0_branch_catastrophe_count	stage1_branch_rescue_count	stage2_incremental_branch_rescue_count	missed_G0_branch_catastrophe_count	induced_branch_catastrophe_count	AlwaysN3_branch_catastrophe_count	stage1_weak_rescue_count	stage2_incremental_weak_rescue_count	induced_weak_failure_count
DenseRisk	Paper1s	-10	11220	2956	0.263458110517	1195	0.106506238859	4151	0.369964349376	3986	761	77	2208	13	3033	0	0	0
DenseRisk	Paper1s	-5	11220	2807	0.250178253119	1141	0.101693404635	3948	0.351871657754	2481	1340	82	792	1	854	0	0	0
DenseRisk	Paper1s	0	11220	2297	0.204723707665	936	0.083422459893	3233	0.288146167558	1913	1373	56	418	0	377	0	0	0
DenseRisk	Paper1s	5	11220	1943	0.173172905526	832	0.0741532976827	2775	0.247326203209	1650	1282	34	330	0	275	540	1	0
DenseRisk	Paper1s	10	11220	1921	0.171212121212	749	0.0667557932264	2670	0.237967914439	1627	1284	24	318	0	261	865	2	58
DenseRisk	Paper1s	15	11220	1888	0.168270944742	723	0.0644385026738	2611	0.232709447415	1576	1221	13	342	0	263	863	0	61
DenseRisk	Paper1s	20	11220	1896	0.168983957219	708	0.0631016042781	2604	0.232085561497	1549	1201	3	345	0	260	1077	0	68
DenseRisk	BeamDerived	-10	4080	1061	0.260049019608	410	0.100490196078	1471	0.360539215686	1326	338	25	678	3	914	0	0	0
DenseRisk	BeamDerived	-5	4080	844	0.206862745098	380	0.093137254902	1224	0.3	854	395	25	365	0	376	0	0	0
DenseRisk	BeamDerived	0	4080	728	0.178431372549	360	0.0882352941176	1088	0.266666666667	691	362	27	298	0	270	0	0	0
DenseRisk	BeamDerived	5	4080	747	0.183088235294	320	0.078431372549	1067	0.261519607843	695	351	32	311	0	269	0	0	0
DenseRisk	BeamDerived	10	4080	753	0.184558823529	281	0.0688725490196	1034	0.253431372549	694	329	26	339	0	266	0	0	0
DenseRisk	BeamDerived	15	4080	771	0.188970588235	276	0.0676470588235	1047	0.256617647059	685	327	7	351	0	265	22	0	0
DenseRisk	BeamDerived	20	4080	808	0.198039215686	258	0.0632352941176	1066	0.261274509804	698	333	1	364	0	267	240	0	0

[RISK-DIRECTION AUDIT BY SNR]
validation_set	aperture_mode	snr_strong_db	n_cases	G0_failure_count	G0_success_count	stage1_refinedLR_directional_AUC	stage1_failure_capture_fraction	stage2_residual_pool_n	stage2_residual_failure_count	stage2_residual_success_count	stage2_FiveBin_directional_AUC	stage2_residual_failure_capture_fraction	total_failure_capture_fraction	stage1_direction_reversal_flag	stage2_direction_reversal_flag
DenseRisk	Paper1s	-10	11220	3986	7234	0.585570924834	0.376818866031	8264	2484	5780	0.4959778569	0.111111111111	0.44606121425	0	1
DenseRisk	Paper1s	-5	11220	2481	8739	0.758079795276	0.629584844821	8413	919	7494	0.639931168729	0.138193688792	0.680773881499	0	0
DenseRisk	Paper1s	0	11220	1913	9307	0.833466606449	0.745948771563	8923	486	8437	0.696058562349	0.139917695473	0.781495033978	0	0
DenseRisk	Paper1s	5	11220	1650	9570	0.838364079668	0.778181818182	9277	366	8911	0.7140701644	0.0983606557377	0.8	0	0
DenseRisk	Paper1s	10	11220	1627	9593	0.844904900501	0.789182544561	9299	343	8956	0.734429221188	0.0728862973761	0.80454824831	0	0
DenseRisk	Paper1s	15	11220	1576	9644	0.834733452535	0.774746192893	9332	355	8977	0.741097672142	0.0366197183099	0.782994923858	0	0
DenseRisk	Paper1s	20	11220	1549	9671	0.836835036016	0.775338928341	9324	348	8976	0.738857579343	0.00862068965517	0.777275661717	0	0
DenseRisk	BeamDerived	-10	4080	1326	2754	0.60568721651	0.417797888386	3019	772	2247	0.55902285373	0.121761658031	0.488687782805	0	0
DenseRisk	BeamDerived	-5	4080	854	3226	0.693163058928	0.518735362998	3236	411	2825	0.636591090154	0.111922141119	0.572599531616	0	0
DenseRisk	BeamDerived	0	4080	691	3389	0.675601962423	0.523878437048	3352	329	3023	0.663656646561	0.0942249240122	0.568740955137	0	0
DenseRisk	BeamDerived	5	4080	695	3385	0.655234370849	0.505035971223	3333	344	2989	0.712332817229	0.0959302325581	0.552517985612	0	0
DenseRisk	BeamDerived	10	4080	694	3386	0.626824132595	0.474063400576	3327	365	2962	0.744856770231	0.0712328767123	0.511527377522	0	0
DenseRisk	BeamDerived	15	4080	685	3395	0.628183567505	0.477372262774	3309	358	2951	0.740143006158	0.0195530726257	0.487591240876	0	0
DenseRisk	BeamDerived	20	4080	698	3382	0.636009533024	0.477077363897	3272	365	2907	0.741958710906	0.0027397260274	0.478510028653	0	0

[UPSTREAM ERROR BY SNR]
validation_set	aperture_mode	snr_strong_db	n_cases	median_strong_beta_error_over_W	p90_strong_beta_error_over_W	p99_strong_beta_error_over_W	median_eta_error_bins	p90_eta_error_bins	p99_eta_error_bins	median_weak_snr_db
DenseRisk	Paper1s	-10	11220	0.287559629794	1.8176402894	3.7976913682	0.253549364777	0.451787589064	0.494792935064	-11.9382002602
DenseRisk	Paper1s	-5	11220	0.151524952948	0.443095136826	1.26519605679	0.277483618256	0.457930415694	0.495417591519	-6.93820026016
DenseRisk	Paper1s	0	11220	0.131503287806	0.32837883735	0.526400903649	0.299885628512	0.463079100508	0.496159755128	-1.93820026016
DenseRisk	Paper1s	5	11220	0.120948096149	0.318136486593	0.453337487584	0.313579007587	0.462616043485	0.496433728414	3.06179973984
DenseRisk	Paper1s	10	11220	0.117679672463	0.284814179864	0.443095136826	0.331394760305	0.44846542778	0.492709493753	8.06179973984
DenseRisk	Paper1s	15	11220	0.11557647464	0.276483603181	0.434764560144	0.343656642565	0.436353049242	0.488902007593	13.0617997398
DenseRisk	Paper1s	20	11220	0.114842134441	0.268153026499	0.428345757537	0.34997042652	0.431452569964	0.487353264132	18.0617997398
DenseRisk	BeamDerived	-10	4080	0.230105442453	0.793566469847	2.9508655731	0.265996909756	0.452562596774	0.494515437122	-11.9382002602
DenseRisk	BeamDerived	-5	4080	0.172459188989	0.443798558889	0.6284929015	0.301201061363	0.463578256516	0.495912937978	-6.93820026016
DenseRisk	BeamDerived	0	4080	0.160653107161	0.427142944082	0.494037730624	0.336312826038	0.467339300921	0.497000878276	-1.93820026016
DenseRisk	BeamDerived	5	4080	0.164131381585	0.420111933402	0.453423163017	0.357756348035	0.463428043454	0.494650980159	3.06179973984
DenseRisk	BeamDerived	10	4080	0.164131381585	0.418815136678	0.436767548209	0.366542684388	0.451026123742	0.492598294704	8.06179973984
DenseRisk	BeamDerived	15	4080	0.164131381585	0.418815136678	0.428439740805	0.368681670578	0.442917450772	0.488187448925	13.0617997398
DenseRisk	BeamDerived	20	4080	0.162392244373	0.418815136678	0.420111933402	0.372962024502	0.457150124132	0.484879159768	18.0617997398

[ORACLE FIREWALL]
validation_set	aperture_mode	overall_pass	online_schema_has_no_forbidden_truth_or_snr_fields	evaluation_schema_has_truth_fields	evaluation_schema_has_snr_fields	frozen_policy_matches	forbidden_online_matches
DenseRisk	Paper1s	1	1	1	1	1	
DenseRisk	BeamDerived	1	1	1	1	1	

INTERPRETATION RULES
1) AWGN robustness is signal-level; it is not a sea-clutter claim.
2) Truth/SNR may evaluate, but truth/SNR may not decide.
3) Scheduler ranking is never stratified by true SNR.
4) Low-SNR degradation defines a validity boundary; do not retune feature/budget/N3.
5) Interpret branch gain with paired rescue/harm, Wilson CI, cost, and upstream beta error.
6) The primary causal chain is SNR_s -> strong-beta error -> branch validity -> weak recovery.
